mean_std:2.111027e-19
std_of_stds:2.893178e-20
percent_variation:13.705
lag1_autocorr:0.037140
peak_freq:0.003662
std_0:3.283272e-19
std_1:2.136050e-19
std_2:2.019684e-19
std_3:2.336191e-19
std_4:2.090442e-19
std_5:1.927483e-19
std_6:2.074454e-19
std_7:2.359433e-19
std_8:2.076046e-19
std_9:2.033859e-19
std_10:2.072090e-19
std_11:2.113852e-19
std_12:2.225050e-19
std_13:2.006407e-19
std_14:2.314460e-19
std_15:1.915913e-19
std_16:2.003248e-19
std_17:2.231509e-19
std_18:1.928225e-19
std_19:2.198759e-19
std_20:2.080526e-19
std_21:1.953995e-19
std_22:1.919947e-19
std_23:2.178456e-19
std_24:1.784712e-19
std_25:2.103926e-19
std_26:2.319329e-19
std_27:1.916814e-19
std_28:1.859641e-19
std_29:1.963568e-19
std_30:1.970094e-19
std_31:2.132155e-19
std_32:2.298564e-19
std_33:1.896037e-19
std_34:2.174439e-19
std_35:2.070131e-19
std_36:1.957102e-19
std_37:1.993127e-19
std_38:2.236177e-19
std_39:2.248235e-19
std_40:1.969956e-19
std_41:1.990549e-19
std_42:2.079585e-19
std_43:2.110373e-19
std_44:2.159755e-19
std_45:2.196191e-19
std_46:1.916123e-19
std_47:2.099710e-19
std_48:2.047131e-19
std_49:1.991337e-19
std_50:2.107536e-19
std_51:2.089030e-19
std_52:2.273691e-19
std_53:2.047915e-19
std_54:2.147260e-19
std_55:2.054161e-19
std_56:2.093720e-19
std_57:1.903241e-19
std_58:2.068151e-19
std_59:2.323699e-19
std_60:2.173771e-19
std_61:2.033902e-19
std_62:2.059022e-19
std_63:2.079211e-19
std_64:1.833314e-19
std_65:2.183081e-19
std_66:2.426062e-19
std_67:2.103511e-19
std_68:2.171198e-19
std_69:1.894573e-19
std_70:1.922485e-19
std_71:2.070162e-19
std_72:4.364902e-19
std_73:2.230616e-19
std_74:2.122599e-19
std_75:2.185314e-19
std_76:2.127553e-19
std_77:1.990507e-19
std_78:1.964029e-19
std_79:1.876132e-19
std_80:2.061883e-19
std_81:1.906448e-19
std_82:1.945587e-19
std_83:2.175056e-19
std_84:2.184933e-19
std_85:2.219767e-19
std_86:2.084124e-19
std_87:1.800368e-19
std_88:1.890774e-19
std_89:2.048422e-19
std_90:2.278008e-19
std_91:1.872070e-19
std_92:2.013948e-19
std_93:2.102177e-19
std_94:1.956356e-19
std_95:2.027727e-19
std_96:2.168123e-19
std_97:2.130704e-19
std_98:2.003614e-19
std_99:2.348183e-19
